0.000000,900.000854,-345.000732,350.000610 
0.024000,900.000854,-345.000732,350.000610 
0.048000,900.000854,-345.000732,350.000610 
0.072000,900.002136,-344.965240,350.000519 
0.096000,900.013489,-344.685181,350.000336 
0.120000,900.046509,-343.891205,350.000122 
0.144000,900.112854,-342.315125,349.999756 
0.168000,900.222534,-339.724274,349.999359 
0.192000,900.377747,-336.059723,349.998901 
0.216000,900.578369,-331.322632,349.998322 
0.240000,900.824402,-325.513031,349.997681 
0.264000,901.115784,-318.630981,349.996979 
0.288000,901.452637,-310.676483,349.996216 
0.312000,901.834778,-301.649628,349.995483 
0.336000,902.262329,-291.550476,349.994781 
0.360000,902.735229,-280.379059,349.994171 
0.384000,903.253418,-268.135559,349.993652 
0.408000,903.817017,-254.820053,349.993286 
0.432000,904.425171,-240.441193,349.993134 
0.456000,905.062073,-225.226822,349.993408 
0.480000,905.696106,-209.698792,349.994293 
0.504000,906.304443,-194.392792,349.995575 
0.528000,906.874878,-179.834824,349.996796 
0.552000,907.403687,-166.332886,349.997742 
0.576000,907.890503,-153.902405,349.998444 
0.600000,908.335449,-142.543472,349.998932 
0.624000,908.738403,-132.256180,349.999298 
0.648000,909.099426,-123.040611,349.999542 
0.672000,909.418518,-114.896866,349.999695 
0.696000,909.696411,-107.820457,349.999817 
0.720000,909.954346,-101.695290,349.999908 
0.744000,910.237793,-96.264023,349.999969 
0.768000,910.591797,-91.262390,350.000000 
0.792000,911.059692,-86.430550,350.000000 
0.816000,911.667480,-81.586357,349.999969 
0.840000,912.426392,-76.516350,349.999878 
0.864000,913.348694,-70.951485,349.999786 
0.888000,914.445557,-64.623917,349.999664 
0.912000,915.724854,-57.301388,349.999481 
0.936000,917.163513,-49.052723,349.999237 
0.960000,918.672607,-40.352951,349.999084 
0.984000,920.158386,-31.730577,349.999054 
1.008000,921.533691,-23.713467,349.999176 
1.032000,922.737061,-16.697655,349.999329 
1.056000,923.793762,-10.630310,349.999451 
1.080000,924.780640,-5.262494,349.999451 
1.104000,925.775574,-0.337487,349.999298 
1.128000,926.854126,4.398028,349.999084 
1.152000,928.066345,9.124911,349.998810 
1.176000,929.443726,14.027998,349.998444 
1.200000,930.942078,19.082088,349.998108 
1.224000,932.488770,24.135239,349.998047 
1.248000,934.069153,29.144615,349.998108 
1.272000,935.652527,33.928776,349.998016 
1.296000,937.277039,38.511337,349.997742 
1.320000,939.014282,43.068909,349.997406 
1.344000,940.924561,47.791584,349.996796 
1.368000,943.022644,52.788486,349.996002 
1.392000,945.192322,57.869778,349.995728 
1.416000,947.367859,62.911251,349.996094 
1.440000,949.493958,67.726227,349.996521 
1.464000,951.555725,72.201561,349.996429 
1.488000,953.662170,76.528862,349.996094 
1.512000,955.865662,80.806717,349.995758 
1.536000,958.162964,85.035751,349.995422 
1.560000,960.549866,89.215530,349.995117 
1.584000,963.021912,93.345581,349.994812 
1.608000,965.582153,97.436386,349.994476 
1.632000,968.254944,101.549240,349.994019 
1.656000,970.934631,105.569908,349.994019 
1.680000,973.574036,109.442825,349.994476 
1.704000,976.165955,113.156845,349.995026 
1.728000,978.684143,116.648521,349.994995 
1.752000,981.229309,120.033852,349.994751 
1.776000,983.842590,123.368912,349.994537 
1.800000,986.519958,126.653221,349.994354 
1.824000,989.258057,129.887405,349.994171 
1.848000,992.076477,133.099548,349.993835 
1.872000,994.996460,136.335541,349.993408 
1.896000,997.908508,139.499176,349.993469 
1.920000,1000.799805,142.580383,349.993958 
1.944000,1003.646545,145.551254,349.994415 
1.968000,1006.425354,148.365524,349.994324 
1.992000,1009.240479,151.122208,349.994202 
2.016000,1012.100403,153.832672,349.994080 
2.040000,1015.002991,156.497787,349.993958 
2.064000,1017.971252,159.142319,349.993713 
2.088000,1021.042419,161.813995,349.993256 
2.112000,1024.112183,164.438828,349.993286 
2.136000,1027.170288,167.010635,349.993683 
2.160000,1030.190552,169.505814,349.994171 
2.184000,1033.134033,171.876923,349.994141 
2.208000,1036.100830,174.200745,349.994049 
2.232000,1039.098389,176.485062,349.993988 
2.256000,1042.127319,178.732574,349.993927 
2.280000,1045.245483,180.990082,349.993561 
2.304000,1048.424683,183.251404,349.993256 
2.328000,1051.596436,185.474625,349.993408 
2.352000,1054.758545,187.659241,349.993866 
2.376000,1057.851807,189.759232,349.994171 
2.400000,1060.902344,191.782211,349.994110 
2.424000,1063.975708,193.772247,349.994080 
2.448000,1067.070190,195.729584,349.994049 
2.472000,1070.215088,197.674515,349.993866 
2.496000,1073.459229,199.645233,349.993439 
2.520000,1076.705322,201.591141,349.993408 
2.544000,1079.946777,203.509552,349.993744 
2.568000,1083.152954,205.381302,349.994202 
2.592000,1086.274658,207.169006,349.994232 
2.616000,1089.406372,208.925171,349.994202 
2.640000,1092.553345,210.653824,349.994202 
2.664000,1095.732300,212.365067,349.994080 
2.688000,1099.016113,214.102966,349.993652 
2.712000,1102.313721,215.827011,349.993530 
2.736000,1105.608154,217.529663,349.993774 
2.760000,1108.881958,219.201935,349.994263 
2.784000,1112.062256,220.800461,349.994324 
2.808000,1115.238159,222.367233,349.994324 
2.832000,1118.425415,223.910904,349.994324 
2.856000,1121.636108,225.438004,349.994263 
2.880000,1124.949341,226.989410,349.993835 
2.904000,1128.284180,228.533508,349.993683 
2.928000,1131.616333,230.060501,349.993896 
2.952000,1134.933716,231.564804,349.994354 
2.976000,1138.157227,233.006165,349.994446 
3.000000,1141.366455,234.417313,349.994446 
3.024000,1144.584595,235.809006,349.994446 
3.048000,1147.823120,237.186859,349.994385 
3.072000,1151.163452,238.587936,349.993988 
3.096000,1154.525635,239.983963,349.993835 
3.120000,1157.885864,241.366028,349.994019 
3.144000,1161.231934,242.729202,349.994446 
3.168000,1164.483398,244.037048,349.994568 
3.192000,1167.718506,245.318695,349.994568 
3.216000,1170.960327,246.583771,349.994568 
3.240000,1174.224121,247.838593,349.994507 
3.264000,1177.590210,249.116440,349.994080 
3.288000,1180.973267,250.388947,349.993927 
3.312000,1184.354614,251.649857,349.994141 
3.336000,1187.719116,252.893463,349.994568 
3.360000,1190.986938,254.087051,349.994659 
3.384000,1194.242065,255.259613,349.994659 
3.408000,1197.502563,256.417938,349.994659 
3.432000,1200.790161,257.570160,349.994537 
3.456000,1204.179565,258.744751,349.994141 
3.480000,1207.578735,259.912933,349.994019 
3.504000,1210.976563,261.071350,349.994232 
3.528000,1214.351196,262.212402,349.994659 
3.552000,1217.628662,263.308167,349.994720 
3.576000,1220.899780,264.387817,349.994720 
3.600000,1224.174805,265.455139,349.994720 
3.624000,1227.486816,266.521179,349.994568 
3.648000,1230.895264,267.607330,349.994171 
3.672000,1234.307251,268.686432,349.994080 
3.696000,1237.718018,269.757172,349.994324 
3.720000,1241.095093,270.809052,349.994720 
3.744000,1244.380005,271.821106,349.994751 
3.768000,1247.663574,272.820831,349.994720 
3.792000,1250.950928,273.809967,349.994720 
3.816000,1254.291260,274.803680,349.994507 
3.840000,1257.714233,275.813171,349.994141 
3.864000,1261.136475,276.815369,349.994110 
3.888000,1264.557007,277.810211,349.994415 
3.912000,1267.927734,278.783020,349.994720 
3.936000,1271.218994,279.723022,349.994720 
3.960000,1274.512695,280.653351,349.994720 
3.984000,1277.811401,281.574921,349.994690 
4.008000,1281.183472,282.507324,349.994385 
4.032000,1284.616577,283.449371,349.994080 
4.056000,1288.047241,284.384613,349.994110 
4.080000,1291.474365,285.312927,349.994446 
4.104000,1294.831177,286.215240,349.994690 
4.128000,1298.129639,287.092957,349.994659 
4.152000,1301.431519,287.962585,349.994659 
4.176000,1304.741821,288.825470,349.994598 
4.200000,1308.143799,289.704132,349.994232 
4.224000,1311.583008,290.586456,349.993958 
4.248000,1315.020508,291.462921,349.994049 
4.272000,1318.450928,292.332275,349.994415 
4.296000,1321.792725,293.172607,349.994568 
4.320000,1325.098999,293.996094,349.994537 
4.344000,1328.407837,294.812225,349.994507 
4.368000,1331.735229,295.625092,349.994415 
4.392000,1335.164551,296.456024,349.993988 
4.416000,1338.608887,297.285583,349.993774 
4.440000,1342.052124,298.110046,349.993927 
4.464000,1345.477783,298.925476,349.994324 
4.488000,1348.804810,299.711304,349.994385 
4.512000,1352.117676,300.486603,349.994354 
4.536000,1355.432251,301.255249,349.994324 
4.560000,1358.782959,302.025360,349.994110 
4.584000,1362.229248,302.811829,349.993652 
4.608000,1365.678345,303.594543,349.993500 
4.632000,1369.126221,304.372711,349.993744 
4.656000,1372.539185,305.138519,349.994110 
4.680000,1375.859863,305.877747,349.994080 
4.704000,1379.177979,306.610016,349.994049 
4.728000,1382.498657,307.336548,349.993988 
4.752000,1385.887695,308.071930,349.993591 
4.776000,1389.460083,308.841492,349.992584 
4.800000,1393.219604,309.645782,349.991394 
4.824000,1397.163086,310.483948,349.990662 
4.848000,1401.214233,311.339142,349.990570 
4.872000,1405.108398,312.155823,349.991394 
4.896000,1408.577148,312.879761,349.993591 
4.920000,1411.359375,313.458557,349.996490 
4.944000,1413.226074,313.846344,349.998749 
4.968000,1414.239624,314.056915,349.999756 
4.992000,1414.660034,314.144257,350.000000 
5.016000,1414.746216,314.162201,350.000000 
5.040000,1414.747437,314.162445,350.000000 
